9780199237180
0199237182
9781108488396
1108488390
9780691177793
0691177791
9780521887052
0521887054
9780805386622
0805386629
9788126517558
8126517557
9780226870335
0226870332
9780521537803
0521537800
9780521422703
0521422701
9780691084459
0691084459
9783540637851
3540637850
9780691025650
0691025657
9780387532851
0387532854
9780691011516
0691011516
9780691081083
0691081085
9780691019338
0691019339
9783540665069
3540665064
9780716738787
0716738783
9780465024377
0465024378
9780471925675
0471925675
9780691130279
0691130272
9780521857932
0521857937
9780199838806
0199838801
9780195179996
0195179994
9780195310146
0195310144
9780195367638
0195367634
1010076108
9781010076100
9780878935345
0878935347
9780071481274
0071481273
9780195140088
0195140087
9780631197133
0631197133
9780199292431
0199292434
9783110172294
3110172291
9781574734287
1574734288
9781502857477
1502857472
9780199697977
0199697973
9780199691807
0199691800
9781138776180
1138776181
9780262232180
0262232189
9781726706841
1726706842
9783110253375
3110253372
9783110303728
3110303728
9781402061981
1402061986
9781138320697
1138320692
9780367463533
0367463539
9789766402648
9766402647
9789768125927
9768125926
9780946918270
0946918279
9781315647722
1315647729
096705544X
9780967055442
9789027252586
9027252580
9780190625696
0190625694
9780199812981
0199812985
9789462099470
9462099472
9781138551022
1138551023
9781895830774
189583077X
9781316597750
131659775X
9780815334781
0815334788
9783039101719
3039101714
9781625345790
1625345798
9781847691187
1847691188
9780967055497
0967055490
9781032095936
1032095938
9780415740821
0415740827
9781681341545
1681341549
9780852555019
0852555016
9780127548500
0127548505
6852745929
9786852745924
9780444520418
0444520414
9780199533237
0199533237
9780824346027
0824346025
9780521124164
0521124166
9780691141480
0691141487
9780691017068
0691017069
9780198773719
0198773714
9781610390934
1610390938
9780691120355
0691120358
9780521885881
0521885884
9780444633750
0444633758
9780674906990
0674906993
044463374X
9780444633743
9780472087211
0472087215
9780262161954
0262161958
9780521671422
0521671426
9780691169446
0691169446
9780691153971
0691153973
9780997126440
0997126442
9780226158440
0226158446
9780521585279
0521585279
9780262162197
0262162199
9780674840317
0674840313
9780674537514
0674537513
9780444531001
0444531009
9780691037387
0691037388
9780691132792
0691132798
9780465087600
0465087604
9781494885007
149488500X
9780444594303
0444594302
9780691132921
0691132925
9780300023077
0300023073
9780393935073
0393935078
9788184002805
8184002807
9780262550420
0262550423
9780520074088
0520074084
9780691144696
0691144699
9780674537507
0674537505
9781477419564
147741956X
1108492673
9781108492676
9781292039145
1292039140
3662658909
9783662658901
0195380533
9780195380538
1605359874
9781605359878
9789811221859
9811221855
9789811221835
9811221839
0131911759
9780131911758
9781447173212
144717321X
9781447173229
1447173228
9781484297100
1484297105
9781484297117
1484297113
0521433037
9780521433037
9783662388549
3662388545
9783662397787
3662397781
9787115459961
7115459967
9781461269427
1461269423
9781461209096
1461209099
9780271035734
0271035730
9780393076363
0393076369
9780393342314
039334231X
9780367505035
0367505037
9781003050339
1003050336
9780367505585
0367505584
9783030227760
3030227766
9783030227777
3030227774
9780817632489
0817632484
0387955844
9780387955841
0387955852
9780387955858
9783031269318
3031269314
9783031269325
3031269322
9781461270201
1461270200
9781461211402
1461211409
0387908390
9780387908397
9781118502099
1118502094
9780486161051
0486161056
9780486416014
0486416011
9783540586609
3540586601
9783642678219
3642678211
9783540617877
3540617876
9783540741206
3540741208
9783540427483
3540427481
9783540617884
3540617884
9783540650584
354065058X
9783540665694
3540665692
9783540665700
3540665706
9783540617860
3540617868
9783540412069
3540412069
9783540290599
3540290591
9783540606567
3540606564
9783540650355
3540650350
9783540698432
3540698434
9783540202844
3540202846
9783540202851
3540202854
9783540499404
3540499407
9783540411604
3540411607
9783540003731
3540003738
9783540427490
354042749X
9783540586630
3540586636
9783540006626
3540006621
9783540225164
3540225161
9783540499374
3540499377
9783642001178
3642001173
9783540606291
3540606297
9783540586616
354058661X
9783540586593
3540586598
9783540226147
3540226141
9783540226178
3540226176
9783540606284
3540606289
9783540411581
3540411585
9783540586623
3540586628
9783540699156
3540699155
9783540586579
3540586571
9783540665649
3540665641
9783540636403
3540636404
9783540636861
3540636862
9783540682721
3540682724
9783540636335
3540636331
9783540586562
3540586563
9783540636328
3540636323
9783540289982
3540289984
9783540427506
3540427503
9783540586555
3540586555
9783540650362
3540650369
9783540586548
3540586547
9783540586586
354058658X
9780991055579
0991055578
9780199214570
0199214573
9780195148695
019514869X
0387960295
9780387960296
3540960295
9783540960294
4130620061
9784130620062
0136919820
9780136919827
9780136677642
0136677649
9780748653959
0748653953
9783030311629
3030311627
9783030311636
3030311635
9782856297926
2856297927
9783031282874
3031282876
9783031282881
3031282884
9781441994783
1441994785
9781441994790
1441994793
9780521203357
052120335X
9780521458979
0521458978
9780306447907
0306447908
9787513550154
7513550158
9780521881524
0521881528
9781475756753
1475756755
9781475756739
1475756739
0387901906
9780387901909
3540901906
9783540901907
9788181282958
8181282957
0387142223
9780387142227
3764351004
9783764351007
3540761802
9783540761808
9781775093343
1775093344
9781775093350
1775093352
9780226511788
0226511782
9780141937083
0141937084
9780521604154
052160415X
9780511111617
0511111614
0716703343
9780716703341
0716703440
9780716703440
9781473725096
1473725097
9783834818447
3834818445
9781292025339
1292025336
9783030592417
3030592413
9783030592424
3030592421
0201149427
9780201149425
0201328402
9780201328400
9787115318091
7115318093
0521333245
9780521333245
0521336112
9780521336116
0387232346
9780387232348
0387232338
9780387232331
9781260185218
1260185214
9780805095623
0805095624
9780226923420
0226923428
9780226923437
0226923436
9780872202306
0872202305
9780872202290
0872202291
9781603845359
1603845356
9781098118501
1098118502
9781491946008
1491946008
9781492056287
1492056286
9781492087021
1492087025
9781492078487
1492078484
9783030738389
3030738388
9783030738396
3030738396
1852339225
9781852339227
9783642087462
3642087469
9783662043561
3662043564
9789819754472
981975447X
9789819754489
9819754488
9781493912292
1493912291
9781493912308
1493912305
9780691250144
0691250146
9780691250137
0691250138
9783834804327
3834804320
9781400836291
1400836298
9783540768784
3540768785
0070576424
9780070576421
0071147160
9780071147163
9783030351175
3030351173
9783030351182
3030351181
9780128000564
0128000562
9780333572917
0333572912
9781349234363
1349234362
9780312121228
0312121229
9780312121235
0312121237
0387989323
9780387989327
9780691049915
0691049912
9783031734335
3031734335
9783031734342
3031734343
9780262047012
0262047012
9787115421326
7115421323
9787506291606
7506291606
0387406247
9780387406244
9780262542364
0262542366
9783030159924
3030159922
9783030159931
3030159930
9787122279040
7122279049
9783319002262
3319002260
9783319002279
3319002279
9781680508406
1680508407
9781680509243
1680509241
9781680507256
1680507257
9781680508604
1680508601
9781680508611
168050861X
0872204219
9780872204218
0872204200
9780872204201
0387909753
9780387909752
3540909753
9783540909750
9780385721707
0385721706
9780521664028
0521664020
9780521896719
0521896711
9780521721493
0521721490
9780511729775
0511729774
0471023272
9780471023272
9783031591556
3031591550
9783031591563
3031591569
9780300197112
030019711X
9783031582172
3031582179
9783031582189
3031582187
0195106261
9780195106268
9781476737454
1476737452
0387901639
9780387901633
3540901639
9783540901631
9780898714913
0898714915
9781101489284
1101489286
9780140442007
0140442006
9783030750503
3030750507
9783030750510
3030750515
9781461299059
1461299055
9781461299035
1461299039
9781466562448
1466562447
0691074283
9780691074283
9783030253578
3030253570
9783030253585
3030253589
9780134456478
0134456475
9781098119447
1098119444
9781098119386
109811938X
080582409X
9780805824094
9781680509236
1680509233
9781680502268
1680502263
9781680500417
1680500414
9781941222225
1941222226
9781937785475
1937785475
9780781760034
0781760038
9781461264972
1461264979
9781441991102
1441991107
0674741129
9780674741126
0674741137
9780674741133
9780300122237
0300122233
9781801812856
1801812853
9781803241432
1803241438
0387940871
9780387940878
3540940871
9783540940876
9781846289712
1846289718
9781846289729
1846289726
9787544790222
7544790223
9780748619450
0748619453
0387908951
9780387908953
3540908951
9783540908951
9780393075687
0393075680
0195082222
9780195082227
0195082230
9780195082234
9780486806990
0486806995
0387223568
9780387223568
9781316519332
1316519333
9781009023405
1009023403
0070350485
9780070350489
185233536X
9781852335366
9780387900414
0387900411
9781468498844
1468498843
9783031651328
3031651324
9783031651335
3031651332
0521404894
9780521404891
0521406684
9780521406680
9780199931460
0199931461
9781264412662
1264412665
9781266836381
1266836381
9781266837227
1266837221
0471000051
9780471000051
9787111643388
7111643380
0387221824
9780387221823
0387979263
9780387979267
3540979263
9783540979265
9780387094939
0387094938
9780387094946
0387094946
0534950973
9780534950972
7010040591
9787010040592
9780618349654
0618349650
9780547525297
054752529X
9780387287225
0387287221
9780387287232
038728723X
9780521284141
0521284147
9780521240642
0521240646
0387909745
9780387909745
3540909745
9783540909743
0807844624
9780807844625
9780321856562
0321856562
0471860034
9780471860037
9783642038365
3642038360
9783642038372
3642038379
9781441930941
1441930949
9781475721034
147572103X
9781775093329
1775093328
9781775093336
1775093336
9781107154834
1107154839
9781441928078
1441928073
9781475738490
1475738498
0387230599
9780387230597
9783031403668
3031403665
9783031403675
3031403673
9780691113876
0691113874
9789865580124
9865580128
9781451606362
1451606362
9780803213692
0803213697
9781269374507
1269374508
9781292042527
1292042524
038794088X
9780387940885
354094088X
9783540940883
9780748655342
0748655344
0387948708
9780387948706
0262162377
9780262162371
9783031295508
3031295501
9783031295515
303129551X
9783030801151
3030801152
9783030801168
3030801160
9780262011532
0262011530
9780262510875
0262510871
9780070004849
0070004846
9781032707891
1032707895
9780367026509
0367026503
9780429398490
0429398492
9780199587360
0199587361
9780748668359
0748668357
0691073376
9780691073378
0872201678
9780872201675
087220166X
9780872201668
9781119459071
1119459079
9781119459118
1119459117
9781405188999
1405188995
9781405188982
1405188987
9783031256318
303125631X
9783031256325
3031256328
0387214283
9780387214283
9781852336677
1852336676
9783540221494
3540221492
3540417729
9783540417729
9783031332944
3031332946
9783031332968
3031332962
0387903577
9780387903576
3540903577
9783540903574
9780128188033
0128188030
0387946578
9780387946573
9780141392561
0141392568
9780140455649
0140455647
9787111451297
7111451295
9780321917010
0321917014
9780387693156
0387693157
9780387693163
0387693165
0521264308
9780521264303
9783030651398
3030651398
9783030651404
3030651401
9780128159484
0128159480
9780192805843
0192805843
9780307791955
0307791955
9780691113852
0691113858
9783319771724
3319771728
9783319771731
3319771736
9780128182000
0128182008
9787115533760
7115533768
1590592395
9781590592397
9781680508215
1680508210
0471050598
9780471050599
9781394268719
1394268718
9781394268696
1394268696
9780367245337
0367245337
9780367245351
0367245353
9780429283000
0429283008
9783642371127
3642371124
9783642371134
3642371132
9783319185873
331918587X
9783319185880
3319185888
9783031056970
3031056973
9783031056987
3031056981
0674199626
9780674199620
9781617295812
1617295817
0521631319
9780521631310
0521637279
9780521637275
9781783983865
1783983868
9781783987221
1783987227
9781849512442
1849512442
9781782166665
1782166661
9781783283019
1783283017
0121951502
9780121951504
9789819954094
9819954096
9789819954100
981995410X
9789819919383
981991938X
9781981404148
1981404147
9780199948277
0199948275
9781444331264
1444331264
9781444331271
1444331272
9781444396959
1444396951
9781444396973
1444396978
9781444396966
144439696X
9783030006310
303000631X
9783030006327
3030006328
9781285060293
1285060296
0914098705
9780914098706
0914098713
9780914098713
0914098721
9780914098720
091409873X
9780914098737
0914098748
9780914098744
0262010372
9780262010375
0262510189
9780262510189
0674004620
9780674004627
9781886529236
188652923X
1886529086
9781886529083
1886529450
9781886529458
1886529000
9781886529007
1886529027
9781886529021
188652906X
9781886529069
1886529191
9781886529199
1886529019
9781886529014
1886529108
9781886529106
1886529043
9781886529045
1886529035
9781886529038
9780201407518
0201407515
9780201003611
0201003619
9787121202087
7121202085
4789007758
9784789007757
9780415448505
0415448506
0203882563
9780203882566
0136006132
9780136006138
9780128200643
0128200642
9783662494493
3662494493
9783662494516
3662494515
9783031888182
3031888189
9783031888199
3031888197
9780073383149
0073383147
9781420079029
1420079026
9780312154080
0312154089
9781349626328
1349626325
9781137121431
1137121432
9780312228170
0312228171
9780071810340
007181034X
9780071807159
0071807152
9781455706150
1455706159
9780080446172
0080446175
1455728594
9781455728596
0683067524
9780683067521
1451186258
9781451186253
0750674318
9780750674317
9781108422413
1108422411
9781108499996
1108499996
9781601630230
1601630239
9781632652072
1632652072
9780471839651
0471839655
0521339510
9780521339513
0521327202
9780521327206
9780387246376
0387246371
0387263691
9780387263694
0253341043
9780253341044
9781937785536
193778553X
9781937785277
1937785270
9781937785284
1937785289
9781937785338
1937785335
9781937785444
1937785440
0387940944
9780387940946
3540940944
9783540940944
9780134897899
0134897897
9783662700150
3662700158
9783662700167
3662700166
9781449310028
1449310028
0387982272
9780387982274
9781941222126
1941222129
9781937785598
1937785599
9781934356838
1934356832
9781937785024
1937785025
9781934356807
1934356808
9780140135589
0140135588
9781107163447
1107163447
9781316681411
1316681416
9781405198202
1405198206
9781405198219
1405198214
9781444347500
1444347500
9781444347531
1444347535
9781444347517
1444347519
9781444347524
1444347527
9781846284236
1846284236
9781846286360
1846286360
9780136816485
0136816487
0817642595
9780817642594
3764342595
9783764342593
9780226698052
022669805X
9780226698199
022669819X
9783031124341
3031124340
9783031124327
3031124324
9783030693183
303069318X
9780061899904
0061899909
9783540097266
3540097260
9783540680154
3540680152
9781886529281
1886529280
9781886529427
1886529426
9781886529311
1886529310
9781108610865
1108610862
0691081379
9780691081373
9780262018296
0262018292
0486495140
9780486495149
9780521853644
0521853648
9780521703147
052170314X
0691078890
9780691078892
9783642869396
3642869394
9783642869372
3642869378
9780321942043
0321942043
9783642493881
3642493882
9783642496660
3642496660
0805390219
9780805390216
0387974954
9780387974958
9781492092513
1492092517
071462604X
9780714626048
9787506272889
7506272881
0387401016
9780387401010
9780300212365
0300212364
0387909850
9780387909851
3540909850
9783540909859
0131429388
9780131429383
9780387747484
0387747486
9780387747491
0387747494
9783642084737
3642084737
9783662039830
3662039834
3540542736
9783540542735
9781107014022
1107014026
9780262195409
0262195402
9780262543231
0262543230
9781852333140
1852333146
9781447103417
1447103416
026218253X
9780262182539
1860944248
9781860944246
1860944353
9781860944352
9783031142048
3031142047
9783031142055
3031142055
9780133456912
0133456919
9781292056531
1292056533
9780226794754
022679475X
9780226794891
022679489X
9781680502466
1680502468
9781680501223
1680501224
9781680501285
1680501283
9781680500554
1680500554
9783662701065
3662701065
9783662701072
3662701073
0262162091
9780262162098
9781470470289
1470470284
9781470471835
1470471833
9787542686596
7542686593
0387952241
9780387952246
0070242542
9780070242548
9780674777705
0674777700
9780128129395
0128129395
9783642258466
3642258468
9783642258473
3642258476
9780078022159
0078022150
9781260515046
1260515044
0387986987
9780387986982
0262025132
9780262025133
9780073383170
0073383171
0387941029
9780387941028
3540941029
9783540941026
9780275981778
0275981770
9781836643173
1836643179
9781461386452
1461386454
9781461386438
1461386438
9780262539876
026253987X
9780262361200
0262361205
9783540057512
354005751X
9783642150715
3642150713
0393957357
9780393957358
9781461269229
1461269229
9781461208532
146120853X
9787040351743
7040351749
9780521761444
0521761441
9783319740720
3319740725
9783319740737
3319740733
0471849677
9780471849674
2705659803
9782705659806
9780674034075
0674034074
9780140390032
0140390030
9780451530806
0451530802
9781852337827
1852337826
9781846281945
1846281946
9780078025310
0078025311
9780198794899
0198794894
9780198794905
0198794908
9783030712495
3030712494
9783030712501
3030712508
0195108345
9780195108347
9780262367509
0262367505
9780393060485
0393060489
9780393334159
0393334155
9781461270423
1461270421
9781461212027
1461212022
1588340511
9781588340511
9781316626221
1316626229
9781316784099
1316784096
0387953450
9780387953458
9783030967796
3030967794
9783030967802
3030967808
0262072432
9780262072434
0262571633
9780262571630
9787520156134
7520156133
9780199251414
019925141X
9783540742098
3540742093
0821829556
9780821829554
9783030561734
3030561739
9783030561741
3030561747
9780345805881
0345805887
0679439560
9780679439561
9780883850282
0883850281
9780883850411
0883850419
9781614440246
1614440247
0226511758
9780226511757
0226511766
9780226511764
9780262113182
026211318X
9780980232776
0980232775
9780961408817
0961408812
9780961408879
0961408871
9780961408800
0961408804
9780980232752
0980232759
9780980232738
0980232732
9780980232769
0980232767
9780980232790
0980232791
9780980232707
0980232708
0262650401
9780262650403
0262150417
9780262150415
9781441906144
1441906142
9781441906151
1441906150
9780748655335
0748655336
0817638369
9780817638368
3764338369
9783764338367
9783031579875
3031579879
9783031579882
3031579887
9780807816110
0807816116
9780807845769
0807845760
0136374476
9780136374473
9780521781848
0521781841
9780521038843
0521038847
9783030155445
3030155447
9783030155452
3030155455
9787111641247
7111641248
9780060964313
0060964316
9780062384072
0062384074
9780521551953
0521551951
9780521621724
0521621720
9780521627498
0521627494
9783642155635
3642155634
9783642155642
3642155642
9781718501669
1718501668
9781718501676
1718501676
9787545803662
7545803663
9780387303031
0387303030
9781441931238
1441931236
9781475747218
1475747217
9783030814588
3030814580
9783030814595
3030814599
9787208145146
7208145148
9780387779935
0387779930
9780387779942
0387779949
9780387943282
0387943285
9781461208518
1461208513
9783319247755
3319247751
9783319247779
3319247778
9780878936274
0878936270
9780195300796
0195300793
9780312576127
0312576129
9780872202177
0872202178
9780872202160
087220216X
9781603847735
1603847731
9780393624427
0393624420
9780061353246
0061353248
9780061958724
0061958727
9781101625576
1101625570
9781594205651
1594205655
9780143126331
0143126334
9783030940546
3030940543
9783030940553
3030940551
9780195179675
0195179676
9780195310139
0195310136
9781629995960
1629995967
0195032039
9780195032031
0195032047
9780195032048
9783642388958
3642388957
9783642388965
3642388965
9781846280405
1846280400
9781846284908
1846284902
9783031375569
3031375564
9783031375576
3031375572
9787111604068
7111604067
9781491922859
1491922850
9781492058250
1492058254
9780521259163
0521259169
9780521367646
0521367646
9783642081378
3642081371
9783662027721
3662027720
0691042640
9780691042640
9780521807968
0521807964
9780521003933
0521003938
9781420071474
1420071475
9780307741882
0307741885
9780307742414
0307742415
9780134853987
0134853989
1565848276
9781565848276
1565846826
9781565846821
9780192802538
0192802534
9787530499726
7530499726
9780521495103
0521495105
0521498422
9780521498425
9781469603704
1469603705
9780807825013
0807825018
0807847844
9780807847848
9780393337686
0393337685
1886529116
9781886529113
9780521633048
0521633044
9780521672283
0521672287
9780511338229
0511338228
9780133591620
013359162X
9781633691735
163369173X
9780991055562
099105556X
9781349734375
1349734373
9781137080592
1137080590
9781403968074
1403968071
0321188780
9780321188786
9783642380099
3642380093
9783642380105
3642380107
9781680500387
1680500384
9781941222379
1941222374
9781941222942
1941222943
9780809058280
0809058286
9787535796264
7535796265
1558607358
9781558607354
1575861925
9781575861920
9780307386984
0307386988
0691032440
9780691032443
9780801463211
0801463211
9780801477386
0801477387
9780801449918
080144991X
9780521875349
052187534X
9780511680038
0511680031
9780754660583
0754660583
052123574X
9780521235747
0521280494
9780521280495
9783031130168
3031130162
9783031130175
3031130170
9780300243772
0300243774
9780520282261
0520282264
9780520957909
0520957903
9780520059290
0520059298
9780198805090
0198805098
9784789012959
4789012956
9781846283697
1846283698
9780195128178
0195128176
9780618749379
0618749373
9780618522583
0618522581
9781111343163
1111343160
0495912433
9780495912439
0618044264
9780618044269
0395903440
9780395903445
066933538X
9780669335385
0669275883
9780669275889
0495915130
9780495915133
0618042555
9780618042555
0618474811
9780618474813
0618611142
9780618611140
0547149077
9780547149073
0547149050
9780547149059
0618550062
9780618550067
039585833X
9780395858332
0669249912
9780669249910
0669462934
9780669462937
0395936764
9780395936764
0618214755
9780618214754
0495916927
9780495916925
0495912999
9780495912996
0618077340
9780618077342
0547228317
9780547228310
0547228333
9780547228334
0495912425
9780495912422
0547218249
9780547218243
0547218230
9780547218236
0618376399
9780618376391
0669415804
9780669415803
0618719180
9780618719181
039590384X
9780395903841
0669353809
9780669353808
0669354724
9780669354720
0618061320
9780618061327
0395845556
9780395845554
0395954355
9780395954355
9783031058073
3031058070
9783031058080
3031058089
0387952977
9780387952970
9780307760562
0307760561
9780198526827
0198526822
9783030273415
3030273415
9783030273392
3030273393
9780691113845
069111384X
9787100169097
7100169097
9780393603170
0393603172
9781461269335
1461269334
9781461208815
1461208815
9781138557185
1138557188
9781138557192
1138557196
9781315150727
1315150727
9780691155838
0691155836
038794415X
9780387944159
9783642303616
3642303617
9783642303623
3642303625
9787544782173
7544782174
9780387402932
0387402934
9780387684369
0387684360
0387403973
9780387403977
0387201726
9780387201726
9780393934922
0393934926
9780393934946
0393934942
9780393119251
0393119254
9781098104436
1098104439
9780802719355
080271935X
0201624605
9780201624601
9783031410253
3031410254
9783031410260
3031410262
9780307951793
0307951790
9781617299339
1617299332
9781492057611
1492057614
9788590379843
8590379841
0691025975
9780691025971
9784431545705
4431545700
9784431545712
4431545719
9781292026558
1292026553
9781461274759
1461274753
9781461222569
1461222567
9781108770385
110877038X
0387964665
9780387964669
3540964665
9783540964667
9787100114271
7100114276
9780393932508
0393932508
9780393117264
039311726X
9781593275273
1593275277
9781593275204
159327520X
9781593272821
1593272820
9781593271442
1593271441
9781593272814
1593272812
9781593272890
1593272898
9781593274078
1593274076
9780387797113
0387797114
9785604597040
560459704X
9783031563331
3031563336
9783031563348
3031563344
9780393918380
0393918386
9780521765398
0521765390
9783031217999
3031217993
9783031218002
3031218000
0904180735
9780904180732
9781472532978
147253297X
9781472528995
1472528999
9781472534262
1472534263
9780521880329
0521880327
9780511479328
0511479328
9787100161794
7100161797
0716710889
9780716710882
9783031250019
303125001X
9783031250026
3031250028
0070634335
9780070634336
9783642354366
364235436X
9783642354373
3642354378
9781260455175
1260455173
9781260455168
1260455165
9780470528334
0470528338
9780521195331
0521195330
9780511776755
0511776756
9783030989309
3030989305
9783030989316
3030989313
026207169X
9780262071697
9781558617902
1558617906
9783030013998
3030013995
9783030014001
3030014002
9781493911936
1493911937
9781493911943
1493911945
9783540426882
3540426884
9783540693925
3540693920
9781596912830
1596912839
9780521563666
0521563666
9780521564946
0521564948
9781852331566
1852331569
9781447139874
1447139879
9780801482342
0801482348
9780262043250
0262043254
0674443020
9780674443020
9780521770194
052177019X
9780521779777
0521779774
0387218238
9780387218236
0387202293
9780387202297
9781107089778
1107089778
9781107461437
110746143X
9783030302931
3030302938
9783030302948
3030302946
9783030421007
3030421007
9783030421014
3030421015
9780071827706
0071827706
9780071827690
0071827692
9787533977078
7533977076
9781435458864
1435458869
1435458877
9781435458871
9780817639402
0817639403
9781461207658
1461207657
3764339403
9783764339401
9783540008323
3540008322
9783642577390
3642577393
038790333X
9780387903330
354090333X
9783540903338
0669417807
9780669417807
9783319910406
331991040X
9783319910413
3319910418
9780273731917
0273731912
9781680507195
1680507192
9783031133787
3031133781
9783031133794
303113379X
9781260570793
1260570797
9783540740124
3540740120
9783540740131
3540740139
9780253352323
0253352320
9780253220172
0253220173
9781846284861
1846284864
1846284872
9781846284878
9783642858468
3642858465
9783642858444
3642858449
9783030438616
3030438619
9783030438623
3030438627
9784130620017
4130620010
9780123740199
0123740193
9780080561028
0080561020
0521354021
9780521354028
9783642298790
3642298796
9783642298806
364229880X
9783031564994
3031564995
9783031565007
3031565002
9780226215105
0226215105
0226215113
9780226215112
9783527405343
3527405348
9781441929549
1441929541
9781475760460
1475760469
9780387944265
0387944265
9781468493221
1468493221
9780262039420
0262039427
9781602069404
1602069409
9780393929188
0393929183
9781461484677
1461484677
9781461484684
1461484685
3764311118
9783764311117
3764330023
9783764330026
3764330007
9783764330002
376433004X
9783764330040
3764330066
9783764330064
3764330074
9783764330071
3764330228
9783764330224
3764330244
9783764330248
3764330295
9783764330293
3764330368
9783764330361
376433035X
9783764330354
3764330511
9783764330514
3764330376
9783764330378
3764330260
9783764330262
3764330252
9783764330255
3764330279
9783764330279
9783030344399
3030344398
9783030344405
3030344401
9783642379550
3642379559
9783642379567
3642379567
9781441931351
144193135X
9781475730838
1475730837
0387953272
9780387953274
0387964053
9780387964058
0387948414
9780387948416
0387962050
9780387962054
0387987495
9780387987491
9781588265449
1588265447
9783031559631
3031559630
9783031559648
3031559649
0444823468
9780444823465
0262071703
9780262071703
044488002X
9780444880024
0140445625
9780140445626
9780521818728
0521818729
9780521524117
0521524113
9780511069895
0511069898
9780199537563
0199537569
9781400851218
1400851211
9780521855266
0521855268
9780511140815
0511140819
9780486791708
048679170X
9781101662649
1101662646
9780143039907
0143039903
9781680502824
1680502824
9781680502435
1680502433
9781680502527
1680502522
9781680502725
1680502727
9781680502398
1680502395
9781491976708
1491976705
9780521327848
0521327849
9780521063876
0521063876
9780748623228
0748623221
9780748623211
0748623213
9780748629992
0748629998
9780748650811
0748650814
9780748650804
0748650806
9780691113869
0691113866
9783662243497
3662243490
9783662264669
3662264668
0387978259
9780387978253
3540978259
9783540978251
9783662215944
3662215942
9783662215937
3662215934
9787115377197
7115377197
9780262034227
0262034220
9781944655129
1944655123
9783642619458
3642619452
9780387782140
0387782141
9780387782157
038778215X
9780521517225
0521517222
9780521731942
0521731941
9780471486008
0471486000
9781119377924
1119377927
9781119256007
1119256003
9781119375753
1119375754
9780470455548
0470455543
9781119169765
1119169763
9781119169758
1119169755
9781118376805
1118376803
0805364455
9780805364453
9780691141183
0691141185
9780691126500
069112650X
9781789953435
178995343X
9781441913012
1441913017
9781441913029
1441913025
9787229122218
722912221X
9783030224219
303022421X
9783030224226
3030224228
9783030744090
3030744094
9783030744106
3030744108
9781107150300
1107150302
0387966757
9780387966755
3540966757
9783540966753
9781680501957
168050195X
9780521563987
0521563984
9780511136795
051113679X
9780821844397
0821844393
0131816292
9780131816299
9783031748691
3031748697
9783031748707
3031748700
9780521833783
0521833787
0674013042
9780674013049
9787506291613
7506291614
0387406255
9780387406251
9781107039032
1107039037
9798777210463
9783030566920
3030566927
9783030566944
3030566943
9783540203643
3540203648
9787210092865
7210092862
0201524880
9780201524888
9781108477437
1108477437
9781852339401
1852339403
1846282225
9781846282225
9780691125756
0691125759
9780691127170
0691127174
9783319723136
3319723138
9783319723143
3319723146
9786500158113
6500158113
0521435005
9780521435000
0521559871
9780521559874
9783031340703
3031340701
9783031340710
303134071X
9780521860697
0521860695
9780511256530
0511256531
9783540421955
3540421955
9783540453307
354045330X
0471025941
9780471025948
9781108498029
1108498027
9781108627771
1108627773
0387950346
9780387950341
9780387255309
0387255303
9780199208241
0199208247
9780199208258
0199208255
0195102681
9780195102680
9781605355559
1605355550
9780387977164
0387977163
3540977163
9783540977162
9783030551926
303055192X
9783030551933
3030551938
0806136561
9780806136561
9783540422884
3540422889
9783540686880
3540686886
9813083255
9789813083257
9781792644832
1792644833
9780375706363
0375706364
9780307425393
0307425398
9783319265223
3319265229
9783319265230
3319265237
9780262514293
026251429X
9780262265591
0262265591
9781470423209
1470423200
9780192805928
0192805924
9783030254421
3030254429
9783030254438
3030254437
9780812293395
0812293398
9781461281214
1461281210
9781461234869
1461234867
0072561912
9780072561913
0520024354
9780520024359
9780195176155
0195176154
0750628960
9780750628969
9780307428424
0307428427
9787121388422
7121388421
9783030818425
303081842X
9783030818432
3030818438
9780128006450
0128006455
9783527345533
3527345531
9783527822706
3527822704
9783527822713
3527822712
0133745627
9780133745627
9783031661112
3031661117
9783031661129
3031661125
9780521832137
0521832136
9780521539807
0521539803
9780511162510
0511162510
9780521633031
0521633036
9780521672276
0521672279
9780511338212
051133821X
9780387974309
038797430X
9781493990634
1493990632
9789629965389
9629965380
9789629964986
9629964988
0387984798
9780387984797
9781848828902
184882890X
9781848828919
1848828918
7100027934
9787100027939
9781009397759
1009397753
9781009397735
1009397737
9781852330583
1852330589
9781447103257
1447103254
052141072X
9780521410724
9781617294556
1617294551
0226109526
9780226109527
0226109534
9780226109534
9780195331509
0195331508
9783030183073
3030183076
9783030183080
3030183084
0821828487
9780821828489
0821826735
9780821826737
9780521429931
0521429935
9781905177448
1905177445
9783031197062
3031197062
9783031197079
3031197070
9780134658940
0134658949
9780201363005
0201363003
9780138166489
013816648X
9780138166526
0138166528
9780138166571
0138166579
9781138680739
1138680737
9781138680746
1138680745
9781315564081
1315564084
9780374275631
0374275637
9780988557215
0988557215
9783642310898
3642310893
9783642310904
3642310907
4130620053
9784130620055
9787100161862
710016186X
9781429943451
1429943459
038797606X
9780387976068
354097606X
9783540976066
9780521551847
0521551846
9780521536721
0521536723
9780511166129
0511166125
9781441931016
1441931015
9781475742527
1475742525
0387942807
9780387942803
3540942807
9783540942801
9780521603560
0521603560
9781848828155
1848828152
9781848828162
1848828160
9780262337298
0262337290
9780262337281
0262337282
9780262035576
026203557X
9783319940625
3319940627
9783319940632
3319940635
9780991055531
0991055535
354063293X
9783540632931
9781107057135
1107057132
9780321780652
0321780655
9780387331942
0387331948
9780387489476
0387489479
9783540710493
3540710493
9783540710509
3540710507
9781718501089
1718501080
9781718501096
1718501099
9781593272074
1593272073
9781593278885
1593278888
9781718501041
1718501048
9781593279523
1593279523
9781718500662
1718500661
9781718500389
1718500386
9780821887462
0821887467
3540064346
9783540064343
0387064346
9780387064345
9783031553677
3031553675
9783031553684
3031553683
9781848168312
1848168314
9781848168329
1848168322
9780823223428
0823223426
9780226373072
022637307X
9783642078132
3642078133
9783662124925
3662124920
9781852332068
1852332069
9781447104759
1447104757
0822326876
9780822326878
0822326965
9780822326960
9784789014434
4789014436
9781680507942
168050794X
9781680506600
1680506609
9781680507232
1680507230
9781680506952
1680506951
9783031813146
3031813146
9783031813153
3031813154
9780521362924
052136292X
9780521362894
052136289X
9781441928153
1441928154
9781475739510
1475739516
9780691152837
0691152837
9780691152844
0691152845
9783037190487
3037190485
9783030026035
3030026035
9783030026042
3030026043
0387212922
9780387212920
9780470609705
0470609702
9780262039413
0262039419
9780262351386
0262351382
9780262351379
0262351374
9781403971401
1403971404
9780262048644
0262048647
9780262049375
0262049376
9780262380508
0262380501
9780262380515
026238051X
9780199257362
0199257361
9780199235957
0199235953
9781617292859
1617292850
9781617292828
1617292826
9781617291951
1617291951
9781617292682
1617292680
9781492085928
1492085928
0345325680
9780345325686
9783031009419
303100941X
9783031009433
3031009436
9780520272927
0520272927
9781491952023
1491952024
9780691130262
0691130264
9787214260437
7214260433
0387970681
9780387970684
3540970681
9783540970682
9787115506900
7115506906
0691047618
9780691047614
0691006075
9780691006079
9781680509823
1680509829
9798888650356
9798888650332
9781680508451
1680508458
9781680509793
1680509799
9780872206342
0872206343
9780872206335
0872206335
9781603842266
1603842268
9781441920058
1441920056
9780387272269
0387272267
038723229X
9780387232294
9783030536930
3030536939
9783030536947
3030536947
9781852330569
1852330562
9781447105893
1447105893
9787571409005
7571409004
0520235002
9780520235007
9783540761235
3540761233
9781447106036
1447106032
9783662415856
3662415852
9783662415832
3662415836
9780262041690
0262041693
9780585070223
0585070229
9783031283635
3031283635
9783031283642
3031283643
9780262042642
0262042649
9780387855240
0387855246
9780387855257
0387855254
9780801467479
0801467470
9780801450969
0801450969
9780801478680
0801478685
9780813349107
0813349109
9780813349114
0813349117
9781848002722
1848002726
9781848002739
1848002734
9780521809269
0521809266
9783540378884
354037888X
9783540378891
3540378898
9783319747477
3319747479
9783319747484
3319747487
0262061414
9780262061414
9783031512957
3031512952
9783031512964
3031512960
9780262539807
0262539802
9781617295409
161729540X
